home:
  - x: 0.0
    y: 0.0


# 我方前哨站血量未达到限制，对方达到
mid:
  - x: 4.857594013214111
    y: 0.5131610631942749
  - x: 4.90444278717041
    y: -0.04637685418128967
  - x: 5.159276962280273
    y: 1.2691476345062256




blood_limit: 150