home:
  - x: 0.0
    y: 0.0


# 我方前哨站血量未达到限制，对方达到
mid:
  - x: -9.289490699768066
    y: 1.1211223602294922
  - x: -10.8930082321167
    y: 5.342061996459961





blood_limit: 150
