home: # 家
  - x: -1.4050462245941162
    y: -6.384366035461426
mid: # 小资源岛下方
  - x: 11.169107437133789
    y: 0.5877944231033325

peek: #飞坡落点
  - x: 7.918293762207031
    y: 4.471874713897705
    
outpost: #对方前哨站
  - x: 11.759937286376953
    y: 2.12164306640625


blood_limit: 150
our_color: red