home: # 家
  - x: -0.3378974199295044
    y: -7.593992233276367
mid: # 小资源岛下方
  - x: 11.169107437133789
    y: 0.5877944231033325





peek: #飞坡落点
  - x: 8.118293762207031
    y: 4.471874713897705

outpost: #对方前哨站
  - x: 12.821205139160156
    y: 2.5476155281066895


blood_limit: 150
our_color: blue